================================================================================
COMPLETE POSITIONAL ENCODINGS (2 DECIMAL PLACES)
================================================================================
Embedding Dimension: 128
Format: Each row is one position, 128 values per row
================================================================================

FIRST 10 POSITIONS (0-9)
--------------------------------------------------------------------------------

Position   0: [  0.00,   1.00,   0.00,   1.00,   0.00,   1.00,   0.00,   1.00,   0.00,   1.00,   0.00,   1.00,   0.00,   1.00,   0.00,   1.00,
                0.00,   1.00,   0.00,   1.00,   0.00,   1.00,   0.00,   1.00,   0.00,   1.00,   0.00,   1.00,   0.00,   1.00,   0.00,   1.00,
                0.00,   1.00,   0.00,   1.00,   0.00,   1.00,   0.00,   1.00,   0.00,   1.00,   0.00,   1.00,   0.00,   1.00,   0.00,   1.00,
                0.00,   1.00,   0.00,   1.00,   0.00,   1.00,   0.00,   1.00,   0.00,   1.00,   0.00,   1.00,   0.00,   1.00,   0.00,   1.00,
                0.00,   1.00,   0.00,   1.00,   0.00,   1.00,   0.00,   1.00,   0.00,   1.00,   0.00,   1.00,   0.00,   1.00,   0.00,   1.00,
                0.00,   1.00,   0.00,   1.00,   0.00,   1.00,   0.00,   1.00,   0.00,   1.00,   0.00,   1.00,   0.00,   1.00,   0.00,   1.00,
                0.00,   1.00,   0.00,   1.00,   0.00,   1.00,   0.00,   1.00,   0.00,   1.00,   0.00,   1.00,   0.00,   1.00,   0.00,   1.00,
                0.00,   1.00,   0.00,   1.00,   0.00,   1.00,   0.00,   1.00,   0.00,   1.00,   0.00,   1.00,   0.00,   1.00,   0.00,   1.00]

Position   1: [  0.84,   0.54,   0.76,   0.65,   0.68,   0.73,   0.60,   0.80,   0.53,   0.85,   0.47,   0.88,   0.41,   0.91,   0.36,   0.93,
                0.31,   0.95,   0.27,   0.96,   0.23,   0.97,   0.20,   0.98,   0.18,   0.98,   0.15,   0.99,   0.13,   0.99,   0.12,   0.99,
                0.10,   1.00,   0.09,   1.00,   0.07,   1.00,   0.06,   1.00,   0.06,   1.00,   0.05,   1.00,   0.04,   1.00,   0.04,   1.00,
                0.03,   1.00,   0.03,   1.00,   0.02,   1.00,   0.02,   1.00,   0.02,   1.00,   0.02,   1.00,   0.01,   1.00,   0.01,   1.00,
                0.01,   1.00,   0.01,   1.00,   0.01,   1.00,   0.01,   1.00,   0.01,   1.00,   0.00,   1.00,   0.00,   1.00,   0.00,   1.00,
                0.00,   1.00,   0.00,   1.00,   0.00,   1.00,   0.00,   1.00,   0.00,   1.00,   0.00,   1.00,   0.00,   1.00,   0.00,   1.00,
                0.00,   1.00,   0.00,   1.00,   0.00,   1.00,   0.00,   1.00,   0.00,   1.00,   0.00,   1.00,   0.00,   1.00,   0.00,   1.00,
                0.00,   1.00,   0.00,   1.00,   0.00,   1.00,   0.00,   1.00,   0.00,   1.00,   0.00,   1.00,   0.00,   1.00,   0.00,   1.00]

Position   2: [  0.91,  -0.42,   0.99,  -0.16,   1.00,   0.07,   0.96,   0.27,   0.90,   0.43,   0.83,   0.56,   0.75,   0.66,   0.67,   0.74,
                0.59,   0.81,   0.52,   0.85,   0.46,   0.89,   0.40,   0.92,   0.35,   0.94,   0.30,   0.95,   0.26,   0.96,   0.23,   0.97,
                0.20,   0.98,   0.17,   0.99,   0.15,   0.99,   0.13,   0.99,   0.11,   0.99,   0.10,   1.00,   0.08,   1.00,   0.07,   1.00,
                0.06,   1.00,   0.05,   1.00,   0.05,   1.00,   0.04,   1.00,   0.04,   1.00,   0.03,   1.00,   0.03,   1.00,   0.02,   1.00,
                0.02,   1.00,   0.02,   1.00,   0.01,   1.00,   0.01,   1.00,   0.01,   1.00,   0.01,   1.00,   0.01,   1.00,   0.01,   1.00,
                0.01,   1.00,   0.01,   1.00,   0.00,   1.00,   0.00,   1.00,   0.00,   1.00,   0.00,   1.00,   0.00,   1.00,   0.00,   1.00,
                0.00,   1.00,   0.00,   1.00,   0.00,   1.00,   0.00,   1.00,   0.00,   1.00,   0.00,   1.00,   0.00,   1.00,   0.00,   1.00,
                0.00,   1.00,   0.00,   1.00,   0.00,   1.00,   0.00,   1.00,   0.00,   1.00,   0.00,   1.00,   0.00,   1.00,   0.00,   1.00]

Position   3: [  0.14,  -0.99,   0.52,  -0.86,   0.78,  -0.63,   0.93,  -0.37,   0.99,  -0.12,   0.99,   0.11,   0.95,   0.30,   0.89,   0.46,
                0.81,   0.58,   0.73,   0.68,   0.65,   0.76,   0.58,   0.82,   0.51,   0.86,   0.45,   0.90,   0.39,   0.92,   0.34,   0.94,
                0.30,   0.96,   0.26,   0.97,   0.22,   0.97,   0.19,   0.98,   0.17,   0.99,   0.15,   0.99,   0.13,   0.99,   0.11,   0.99,
                0.09,   1.00,   0.08,   1.00,   0.07,   1.00,   0.06,   1.00,   0.05,   1.00,   0.05,   1.00,   0.04,   1.00,   0.03,   1.00,
                0.03,   1.00,   0.03,   1.00,   0.02,   1.00,   0.02,   1.00,   0.02,   1.00,   0.01,   1.00,   0.01,   1.00,   0.01,   1.00,
                0.01,   1.00,   0.01,   1.00,   0.01,   1.00,   0.01,   1.00,   0.01,   1.00,   0.00,   1.00,   0.00,   1.00,   0.00,   1.00,
                0.00,   1.00,   0.00,   1.00,   0.00,   1.00,   0.00,   1.00,   0.00,   1.00,   0.00,   1.00,   0.00,   1.00,   0.00,   1.00,
                0.00,   1.00,   0.00,   1.00,   0.00,   1.00,   0.00,   1.00,   0.00,   1.00,   0.00,   1.00,   0.00,   1.00,   0.00,   1.00]

Position   4: [ -0.76,  -0.65,  -0.32,  -0.95,   0.14,  -0.99,   0.52,  -0.86,   0.78,  -0.63,   0.93,  -0.37,   0.99,  -0.12,   0.99,   0.11,
                0.95,   0.30,   0.89,   0.46,   0.81,   0.58,   0.73,   0.68,   0.65,   0.76,   0.58,   0.82,   0.51,   0.86,   0.45,   0.90,
                0.39,   0.92,   0.34,   0.94,   0.30,   0.96,   0.26,   0.97,   0.22,   0.97,   0.19,   0.98,   0.17,   0.99,   0.15,   0.99,
                0.13,   0.99,   0.11,   0.99,   0.09,   1.00,   0.08,   1.00,   0.07,   1.00,   0.06,   1.00,   0.05,   1.00,   0.05,   1.00,
                0.04,   1.00,   0.03,   1.00,   0.03,   1.00,   0.03,   1.00,   0.02,   1.00,   0.02,   1.00,   0.02,   1.00,   0.01,   1.00,
                0.01,   1.00,   0.01,   1.00,   0.01,   1.00,   0.01,   1.00,   0.01,   1.00,   0.01,   1.00,   0.01,   1.00,   0.00,   1.00,
                0.00,   1.00,   0.00,   1.00,   0.00,   1.00,   0.00,   1.00,   0.00,   1.00,   0.00,   1.00,   0.00,   1.00,   0.00,   1.00,
                0.00,   1.00,   0.00,   1.00,   0.00,   1.00,   0.00,   1.00,   0.00,   1.00,   0.00,   1.00,   0.00,   1.00,   0.00,   1.00]

Position   5: [ -0.96,   0.28,  -0.93,  -0.37,  -0.57,  -0.82,  -0.11,  -0.99,   0.32,  -0.95,   0.65,  -0.76,   0.86,  -0.51,   0.97,  -0.25,
                1.00,  -0.01,   0.98,   0.20,   0.93,   0.38,   0.86,   0.52,   0.78,   0.63,   0.70,   0.72,   0.62,   0.79,   0.55,   0.84,
                0.48,   0.88,   0.42,   0.91,   0.37,   0.93,   0.32,   0.95,   0.28,   0.96,   0.24,   0.97,   0.21,   0.98,   0.18,   0.98,
                0.16,   0.99,   0.14,   0.99,   0.12,   0.99,   0.10,   0.99,   0.09,   1.00,   0.08,   1.00,   0.07,   1.00,   0.06,   1.00,
                0.05,   1.00,   0.04,   1.00,   0.04,   1.00,   0.03,   1.00,   0.03,   1.00,   0.02,   1.00,   0.02,   1.00,   0.02,   1.00,
                0.02,   1.00,   0.01,   1.00,   0.01,   1.00,   0.01,   1.00,   0.01,   1.00,   0.01,   1.00,   0.01,   1.00,   0.01,   1.00,
                0.00,   1.00,   0.00,   1.00,   0.00,   1.00,   0.00,   1.00,   0.00,   1.00,   0.00,   1.00,   0.00,   1.00,   0.00,   1.00,
                0.00,   1.00,   0.00,   1.00,   0.00,   1.00,   0.00,   1.00,   0.00,   1.00,   0.00,   1.00,   0.00,   1.00,   0.00,   1.00]

Position   6: [ -0.28,   0.96,  -0.89,   0.46,  -0.98,  -0.21,  -0.69,  -0.73,  -0.23,  -0.97,   0.22,  -0.98,   0.57,  -0.82,   0.81,  -0.58,
                0.95,  -0.32,   1.00,  -0.07,   0.99,   0.15,   0.94,   0.33,   0.88,   0.48,   0.80,   0.60,   0.72,   0.70,   0.64,   0.77,
                0.56,   0.83,   0.50,   0.87,   0.43,   0.90,   0.38,   0.93,   0.33,   0.94,   0.29,   0.96,   0.25,   0.97,   0.22,   0.98,
                0.19,   0.98,   0.16,   0.99,   0.14,   0.99,   0.12,   0.99,   0.11,   0.99,   0.09,   1.00,   0.08,   1.00,   0.07,   1.00,
                0.06,   1.00,   0.05,   1.00,   0.04,   1.00,   0.04,   1.00,   0.03,   1.00,   0.03,   1.00,   0.03,   1.00,   0.02,   1.00,
                0.02,   1.00,   0.02,   1.00,   0.01,   1.00,   0.01,   1.00,   0.01,   1.00,   0.01,   1.00,   0.01,   1.00,   0.01,   1.00,
                0.01,   1.00,   0.01,   1.00,   0.00,   1.00,   0.00,   1.00,   0.00,   1.00,   0.00,   1.00,   0.00,   1.00,   0.00,   1.00,
                0.00,   1.00,   0.00,   1.00,   0.00,   1.00,   0.00,   1.00,   0.00,   1.00,   0.00,   1.00,   0.00,   1.00,   0.00,   1.00]

Position   7: [  0.66,   0.75,  -0.22,   0.98,  -0.86,   0.51,  -0.99,  -0.17,  -0.71,  -0.70,  -0.26,  -0.96,   0.19,  -0.98,   0.55,  -0.83,
                0.80,  -0.60,   0.94,  -0.34,   1.00,  -0.09,   0.99,   0.13,   0.95,   0.32,   0.88,   0.47,   0.80,   0.60,   0.72,   0.69,
                0.64,   0.76,   0.57,   0.82,   0.50,   0.87,   0.44,   0.90,   0.38,   0.92,   0.33,   0.94,   0.29,   0.96,   0.25,   0.97,
                0.22,   0.98,   0.19,   0.98,   0.17,   0.99,   0.14,   0.99,   0.12,   0.99,   0.11,   0.99,   0.09,   1.00,   0.08,   1.00,
                0.07,   1.00,   0.06,   1.00,   0.05,   1.00,   0.05,   1.00,   0.04,   1.00,   0.03,   1.00,   0.03,   1.00,   0.03,   1.00,
                0.02,   1.00,   0.02,   1.00,   0.02,   1.00,   0.01,   1.00,   0.01,   1.00,   0.01,   1.00,   0.01,   1.00,   0.01,   1.00,
                0.01,   1.00,   0.01,   1.00,   0.01,   1.00,   0.00,   1.00,   0.00,   1.00,   0.00,   1.00,   0.00,   1.00,   0.00,   1.00,
                0.00,   1.00,   0.00,   1.00,   0.00,   1.00,   0.00,   1.00,   0.00,   1.00,   0.00,   1.00,   0.00,   1.00,   0.00,   1.00]

Position   8: [  0.99,  -0.15,   0.60,   0.80,  -0.28,   0.96,  -0.89,   0.46,  -0.98,  -0.21,  -0.68,  -0.73,  -0.23,  -0.97,   0.22,  -0.98,
                0.57,  -0.82,   0.81,  -0.58,   0.95,  -0.32,   1.00,  -0.07,   0.99,   0.15,   0.94,   0.33,   0.88,   0.48,   0.80,   0.60,
                0.72,   0.70,   0.64,   0.77,   0.56,   0.83,   0.50,   0.87,   0.43,   0.90,   0.38,   0.93,   0.33,   0.94,   0.29,   0.96,
                0.25,   0.97,   0.22,   0.98,   0.19,   0.98,   0.16,   0.99,   0.14,   0.99,   0.12,   0.99,   0.11,   0.99,   0.09,   1.00,
                0.08,   1.00,   0.07,   1.00,   0.06,   1.00,   0.05,   1.00,   0.04,   1.00,   0.04,   1.00,   0.03,   1.00,   0.03,   1.00,
                0.03,   1.00,   0.02,   1.00,   0.02,   1.00,   0.02,   1.00,   0.01,   1.00,   0.01,   1.00,   0.01,   1.00,   0.01,   1.00,
                0.01,   1.00,   0.01,   1.00,   0.01,   1.00,   0.01,   1.00,   0.00,   1.00,   0.00,   1.00,   0.00,   1.00,   0.00,   1.00,
                0.00,   1.00,   0.00,   1.00,   0.00,   1.00,   0.00,   1.00,   0.00,   1.00,   0.00,   1.00,   0.00,   1.00,   0.00,   1.00]

Position   9: [  0.41,  -0.91,   1.00,   0.06,   0.45,   0.89,  -0.42,   0.91,  -0.94,   0.34,  -0.95,  -0.32,  -0.61,  -0.79,  -0.14,  -0.99,
                0.29,  -0.96,   0.63,  -0.78,   0.85,  -0.53,   0.96,  -0.27,   1.00,  -0.03,   0.98,   0.18,   0.93,   0.36,   0.86,   0.51,
                0.78,   0.62,   0.70,   0.71,   0.62,   0.78,   0.55,   0.83,   0.48,   0.87,   0.42,   0.91,   0.37,   0.93,   0.32,   0.95,
                0.28,   0.96,   0.24,   0.97,   0.21,   0.98,   0.18,   0.98,   0.16,   0.99,   0.14,   0.99,   0.12,   0.99,   0.10,   0.99,
                0.09,   1.00,   0.08,   1.00,   0.07,   1.00,   0.06,   1.00,   0.05,   1.00,   0.04,   1.00,   0.04,   1.00,   0.03,   1.00,
                0.03,   1.00,   0.02,   1.00,   0.02,   1.00,   0.02,   1.00,   0.02,   1.00,   0.01,   1.00,   0.01,   1.00,   0.01,   1.00,
                0.01,   1.00,   0.01,   1.00,   0.01,   1.00,   0.01,   1.00,   0.01,   1.00,   0.00,   1.00,   0.00,   1.00,   0.00,   1.00,
                0.00,   1.00,   0.00,   1.00,   0.00,   1.00,   0.00,   1.00,   0.00,   1.00,   0.00,   1.00,   0.00,   1.00,   0.00,   1.00]


================================================================================
MIDDLE 10 POSITIONS (45-54)
--------------------------------------------------------------------------------

Position  45: [  0.85,   0.53,   0.95,   0.30,   0.73,  -0.69,  -0.81,  -0.58,   0.17,   0.99,   0.08,  -1.00,   0.13,   0.99,  -0.66,  -0.75,
                1.00,  -0.09,  -0.24,   0.97,  -0.95,  -0.32,   0.18,  -0.98,   0.99,  -0.15,   0.60,   0.80,  -0.28,   0.96,  -0.89,   0.47,
               -0.98,  -0.21,  -0.69,  -0.73,  -0.23,  -0.97,   0.22,  -0.98,   0.57,  -0.82,   0.81,  -0.58,   0.95,  -0.32,   1.00,  -0.07,
                0.99,   0.15,   0.94,   0.33,   0.88,   0.48,   0.80,   0.60,   0.72,   0.70,   0.64,   0.77,   0.56,   0.83,   0.50,   0.87,
                0.43,   0.90,   0.38,   0.93,   0.33,   0.94,   0.29,   0.96,   0.25,   0.97,   0.22,   0.98,   0.19,   0.98,   0.16,   0.99,
                0.14,   0.99,   0.12,   0.99,   0.11,   0.99,   0.09,   1.00,   0.08,   1.00,   0.07,   1.00,   0.06,   1.00,   0.05,   1.00,
                0.04,   1.00,   0.04,   1.00,   0.03,   1.00,   0.03,   1.00,   0.03,   1.00,   0.02,   1.00,   0.02,   1.00,   0.02,   1.00,
                0.01,   1.00,   0.01,   1.00,   0.01,   1.00,   0.01,   1.00,   0.01,   1.00,   0.01,   1.00,   0.01,   1.00,   0.01,   1.00]

Position  46: [  0.90,  -0.43,   0.84,  -0.53,   0.06,  -1.00,  -1.00,   0.03,   0.67,   0.74,  -0.40,  -0.92,   0.52,   0.85,  -0.89,  -0.46,
                0.92,  -0.40,   0.03,   1.00,  -1.00,  -0.09,  -0.02,  -1.00,   0.95,  -0.32,   0.72,   0.70,  -0.15,   0.99,  -0.83,   0.56,
               -0.99,  -0.11,  -0.75,  -0.67,  -0.30,  -0.95,   0.15,  -0.99,   0.53,  -0.85,   0.78,  -0.62,   0.93,  -0.36,   0.99,  -0.11,
                0.99,   0.12,   0.95,   0.31,   0.89,   0.46,   0.81,   0.59,   0.73,   0.68,   0.65,   0.76,   0.58,   0.82,   0.51,   0.86,
                0.44,   0.90,   0.39,   0.92,   0.34,   0.94,   0.29,   0.96,   0.26,   0.97,   0.22,   0.98,   0.19,   0.98,   0.17,   0.99,
                0.14,   0.99,   0.13,   0.99,   0.11,   0.99,   0.09,   1.00,   0.08,   1.00,   0.07,   1.00,   0.06,   1.00,   0.05,   1.00,
                0.05,   1.00,   0.04,   1.00,   0.03,   1.00,   0.03,   1.00,   0.03,   1.00,   0.02,   1.00,   0.02,   1.00,   0.02,   1.00,
                0.01,   1.00,   0.01,   1.00,   0.01,   1.00,   0.01,   1.00,   0.01,   1.00,   0.01,   1.00,   0.01,   1.00,   0.01,   1.00]

Position  47: [  0.12,  -0.99,   0.14,  -0.99,  -0.63,  -0.77,  -0.78,   0.63,   0.96,   0.27,  -0.78,  -0.62,   0.82,   0.57,  -0.99,  -0.12,
                0.75,  -0.66,   0.30,   0.95,  -0.99,   0.15,  -0.22,  -0.97,   0.88,  -0.48,   0.82,   0.58,  -0.02,   1.00,  -0.76,   0.66,
               -1.00,  -0.01,  -0.80,  -0.60,  -0.37,  -0.93,   0.09,  -1.00,   0.48,  -0.88,   0.75,  -0.66,   0.92,  -0.40,   0.99,  -0.15,
                1.00,   0.08,   0.96,   0.28,   0.90,   0.44,   0.82,   0.57,   0.74,   0.67,   0.66,   0.75,   0.59,   0.81,   0.52,   0.86,
                0.45,   0.89,   0.40,   0.92,   0.35,   0.94,   0.30,   0.95,   0.26,   0.97,   0.23,   0.97,   0.20,   0.98,   0.17,   0.99,
                0.15,   0.99,   0.13,   0.99,   0.11,   0.99,   0.10,   1.00,   0.08,   1.00,   0.07,   1.00,   0.06,   1.00,   0.05,   1.00,
                0.05,   1.00,   0.04,   1.00,   0.04,   1.00,   0.03,   1.00,   0.03,   1.00,   0.02,   1.00,   0.02,   1.00,   0.02,   1.00,
                0.01,   1.00,   0.01,   1.00,   0.01,   1.00,   0.01,   1.00,   0.01,   1.00,   0.01,   1.00,   0.01,   1.00,   0.01,   1.00]

Position  48: [ -0.77,  -0.64,  -0.66,  -0.75,  -0.99,  -0.13,  -0.24,   0.97,   0.96,  -0.28,  -0.98,  -0.19,   0.98,   0.18,  -0.97,   0.25,
                0.50,  -0.86,   0.55,   0.84,  -0.93,   0.38,  -0.42,  -0.91,   0.78,  -0.63,   0.90,   0.45,   0.12,   0.99,  -0.67,   0.74,
               -1.00,   0.09,  -0.85,  -0.53,  -0.44,  -0.90,   0.02,  -1.00,   0.43,  -0.90,   0.72,  -0.69,   0.90,  -0.44,   0.98,  -0.18,
                1.00,   0.05,   0.97,   0.25,   0.91,   0.42,   0.83,   0.55,   0.75,   0.66,   0.67,   0.74,   0.60,   0.80,   0.53,   0.85,
                0.46,   0.89,   0.40,   0.91,   0.35,   0.94,   0.31,   0.95,   0.27,   0.96,   0.23,   0.97,   0.20,   0.98,   0.17,   0.98,
                0.15,   0.99,   0.13,   0.99,   0.11,   0.99,   0.10,   1.00,   0.09,   1.00,   0.07,   1.00,   0.06,   1.00,   0.06,   1.00,
                0.05,   1.00,   0.04,   1.00,   0.04,   1.00,   0.03,   1.00,   0.03,   1.00,   0.02,   1.00,   0.02,   1.00,   0.02,   1.00,
                0.02,   1.00,   0.01,   1.00,   0.01,   1.00,   0.01,   1.00,   0.01,   1.00,   0.01,   1.00,   0.01,   1.00,   0.01,   1.00]

Position  49: [ -0.95,   0.30,  -1.00,   0.02,  -0.82,   0.58,   0.39,   0.92,   0.66,  -0.75,  -0.96,   0.30,   0.97,  -0.24,  -0.82,   0.58,
                0.21,  -0.98,   0.75,   0.66,  -0.81,   0.58,  -0.60,  -0.80,   0.65,  -0.76,   0.95,   0.30,   0.25,   0.97,  -0.58,   0.81,
               -0.98,   0.19,  -0.89,  -0.45,  -0.51,  -0.86,  -0.04,  -1.00,   0.38,  -0.93,   0.69,  -0.73,   0.88,  -0.48,   0.98,  -0.22,
                1.00,   0.02,   0.97,   0.23,   0.92,   0.40,   0.84,   0.54,   0.77,   0.64,   0.68,   0.73,   0.61,   0.79,   0.54,   0.84,
                0.47,   0.88,   0.41,   0.91,   0.36,   0.93,   0.31,   0.95,   0.27,   0.96,   0.24,   0.97,   0.21,   0.98,   0.18,   0.98,
                0.15,   0.99,   0.13,   0.99,   0.12,   0.99,   0.10,   0.99,   0.09,   1.00,   0.08,   1.00,   0.07,   1.00,   0.06,   1.00,
                0.05,   1.00,   0.04,   1.00,   0.04,   1.00,   0.03,   1.00,   0.03,   1.00,   0.02,   1.00,   0.02,   1.00,   0.02,   1.00,
                0.02,   1.00,   0.01,   1.00,   0.01,   1.00,   0.01,   1.00,   0.01,   1.00,   0.01,   1.00,   0.01,   1.00,   0.01,   1.00]

Position  50: [ -0.26,   0.96,  -0.63,   0.78,  -0.20,   0.98,   0.87,   0.49,   0.16,  -0.99,  -0.71,   0.71,   0.79,  -0.62,  -0.56,   0.83,
               -0.10,  -0.99,   0.90,   0.43,  -0.65,   0.76,  -0.75,  -0.67,   0.51,  -0.86,   0.99,   0.15,   0.38,   0.93,  -0.49,   0.87,
               -0.96,   0.28,  -0.93,  -0.37,  -0.57,  -0.82,  -0.11,  -0.99,   0.32,  -0.95,   0.65,  -0.76,   0.86,  -0.51,   0.97,  -0.25,
                1.00,  -0.01,   0.98,   0.20,   0.93,   0.38,   0.86,   0.52,   0.78,   0.63,   0.70,   0.72,   0.62,   0.79,   0.55,   0.84,
                0.48,   0.88,   0.42,   0.91,   0.37,   0.93,   0.32,   0.95,   0.28,   0.96,   0.24,   0.97,   0.21,   0.98,   0.18,   0.98,
                0.16,   0.99,   0.14,   0.99,   0.12,   0.99,   0.10,   0.99,   0.09,   1.00,   0.08,   1.00,   0.07,   1.00,   0.06,   1.00,
                0.05,   1.00,   0.04,   1.00,   0.04,   1.00,   0.03,   1.00,   0.03,   1.00,   0.02,   1.00,   0.02,   1.00,   0.02,   1.00,
                0.02,   1.00,   0.01,   1.00,   0.01,   1.00,   0.01,   1.00,   0.01,   1.00,   0.01,   1.00,   0.01,   1.00,   0.01,   1.00]

Position  51: [  0.67,   0.74,   0.18,   0.98,   0.52,   0.85,   0.99,  -0.13,  -0.39,  -0.92,  -0.29,   0.96,   0.47,  -0.88,  -0.22,   0.97,
               -0.41,  -0.91,   0.99,   0.17,  -0.45,   0.89,  -0.87,  -0.50,   0.35,  -0.94,   1.00,   0.00,   0.49,   0.87,  -0.38,   0.92,
               -0.93,   0.38,  -0.96,  -0.29,  -0.63,  -0.78,  -0.17,  -0.99,   0.27,  -0.96,   0.61,  -0.79,   0.84,  -0.55,   0.96,  -0.29,
                1.00,  -0.04,   0.98,   0.17,   0.94,   0.35,   0.87,   0.50,   0.79,   0.62,   0.71,   0.71,   0.63,   0.78,   0.56,   0.83,
                0.49,   0.87,   0.43,   0.90,   0.37,   0.93,   0.33,   0.95,   0.28,   0.96,   0.25,   0.97,   0.21,   0.98,   0.19,   0.98,
                0.16,   0.99,   0.14,   0.99,   0.12,   0.99,   0.10,   0.99,   0.09,   1.00,   0.08,   1.00,   0.07,   1.00,   0.06,   1.00,
                0.05,   1.00,   0.04,   1.00,   0.04,   1.00,   0.03,   1.00,   0.03,   1.00,   0.02,   1.00,   0.02,   1.00,   0.02,   1.00,
                0.02,   1.00,   0.01,   1.00,   0.01,   1.00,   0.01,   1.00,   0.01,   1.00,   0.01,   1.00,   0.01,   1.00,   0.01,   1.00]

Position  52: [  0.99,  -0.16,   0.87,   0.50,   0.96,   0.27,   0.71,  -0.70,  -0.82,  -0.57,   0.19,   0.98,   0.06,  -1.00,   0.14,   0.99,
               -0.67,  -0.74,   0.99,  -0.10,  -0.23,   0.97,  -0.95,  -0.31,   0.18,  -0.98,   0.99,  -0.15,   0.61,   0.80,  -0.27,   0.96,
               -0.88,   0.47,  -0.98,  -0.21,  -0.69,  -0.73,  -0.23,  -0.97,   0.22,  -0.98,   0.57,  -0.82,   0.81,  -0.58,   0.95,  -0.32,
                1.00,  -0.07,   0.99,   0.15,   0.94,   0.33,   0.88,   0.48,   0.80,   0.60,   0.72,   0.70,   0.64,   0.77,   0.57,   0.83,
                0.50,   0.87,   0.44,   0.90,   0.38,   0.92,   0.33,   0.94,   0.29,   0.96,   0.25,   0.97,   0.22,   0.98,   0.19,   0.98,
                0.16,   0.99,   0.14,   0.99,   0.12,   0.99,   0.11,   0.99,   0.09,   1.00,   0.08,   1.00,   0.07,   1.00,   0.06,   1.00,
                0.05,   1.00,   0.05,   1.00,   0.04,   1.00,   0.03,   1.00,   0.03,   1.00,   0.03,   1.00,   0.02,   1.00,   0.02,   1.00,
                0.02,   1.00,   0.01,   1.00,   0.01,   1.00,   0.01,   1.00,   0.01,   1.00,   0.01,   1.00,   0.01,   1.00,   0.01,   1.00]

Position  53: [  0.40,  -0.92,   0.94,  -0.34,   0.89,  -0.46,   0.14,  -0.99,  -1.00,  -0.04,   0.63,   0.78,  -0.35,  -0.94,   0.48,   0.88,
               -0.87,  -0.50,   0.93,  -0.37,   0.00,   1.00,  -0.99,  -0.11,  -0.00,  -1.00,   0.95,  -0.30,   0.71,   0.71,  -0.16,   0.99,
               -0.83,   0.55,  -0.99,  -0.12,  -0.74,  -0.67,  -0.30,  -0.96,   0.16,  -0.99,   0.53,  -0.85,   0.79,  -0.62,   0.93,  -0.36,
                0.99,  -0.11,   0.99,   0.12,   0.95,   0.31,   0.89,   0.46,   0.81,   0.59,   0.73,   0.69,   0.65,   0.76,   0.57,   0.82,
                0.51,   0.86,   0.44,   0.90,   0.39,   0.92,   0.34,   0.94,   0.29,   0.96,   0.26,   0.97,   0.22,   0.98,   0.19,   0.98,
                0.17,   0.99,   0.14,   0.99,   0.13,   0.99,   0.11,   0.99,   0.09,   1.00,   0.08,   1.00,   0.07,   1.00,   0.06,   1.00,
                0.05,   1.00,   0.05,   1.00,   0.04,   1.00,   0.03,   1.00,   0.03,   1.00,   0.03,   1.00,   0.02,   1.00,   0.02,   1.00,
                0.02,   1.00,   0.01,   1.00,   0.01,   1.00,   0.01,   1.00,   0.01,   1.00,   0.01,   1.00,   0.01,   1.00,   0.01,   1.00]

Position  54: [ -0.56,  -0.83,   0.35,  -0.94,   0.34,  -0.94,  -0.49,  -0.87,  -0.87,   0.50,   0.92,   0.40,  -0.70,  -0.71,   0.76,   0.64,
               -0.98,  -0.20,   0.80,  -0.61,   0.24,   0.97,  -1.00,   0.09,  -0.18,  -0.98,   0.90,  -0.45,   0.79,   0.61,  -0.05,   1.00,
               -0.77,   0.63,  -1.00,  -0.04,  -0.79,  -0.62,  -0.36,  -0.93,   0.10,  -0.99,   0.49,  -0.87,   0.76,  -0.65,   0.92,  -0.39,
                0.99,  -0.14,   1.00,   0.09,   0.96,   0.29,   0.90,   0.45,   0.82,   0.57,   0.74,   0.67,   0.66,   0.75,   0.58,   0.81,
                0.51,   0.86,   0.45,   0.89,   0.39,   0.92,   0.34,   0.94,   0.30,   0.95,   0.26,   0.97,   0.23,   0.97,   0.20,   0.98,
                0.17,   0.99,   0.15,   0.99,   0.13,   0.99,   0.11,   0.99,   0.10,   1.00,   0.08,   1.00,   0.07,   1.00,   0.06,   1.00,
                0.05,   1.00,   0.05,   1.00,   0.04,   1.00,   0.04,   1.00,   0.03,   1.00,   0.03,   1.00,   0.02,   1.00,   0.02,   1.00,
                0.02,   1.00,   0.01,   1.00,   0.01,   1.00,   0.01,   1.00,   0.01,   1.00,   0.01,   1.00,   0.01,   1.00,   0.01,   1.00]


================================================================================
LAST 10 POSITIONS (90-99)
--------------------------------------------------------------------------------

Position  90: [  0.89,  -0.45,   0.57,  -0.82,  -1.00,  -0.05,   0.95,  -0.32,   0.34,   0.94,  -0.15,   0.99,   0.25,   0.97,   0.99,   0.12,
               -0.19,  -0.98,  -0.47,   0.88,   0.60,  -0.80,  -0.36,   0.93,  -0.29,  -0.96,   0.96,   0.27,  -0.54,   0.84,  -0.82,  -0.57,
                0.41,  -0.91,   1.00,   0.06,   0.45,   0.89,  -0.42,   0.91,  -0.94,   0.34,  -0.95,  -0.32,  -0.61,  -0.79,  -0.14,  -0.99,
                0.29,  -0.96,   0.63,  -0.78,   0.85,  -0.53,   0.96,  -0.27,   1.00,  -0.03,   0.98,   0.18,   0.93,   0.36,   0.86,   0.51,
                0.78,   0.62,   0.70,   0.71,   0.62,   0.78,   0.55,   0.83,   0.48,   0.87,   0.42,   0.91,   0.37,   0.93,   0.32,   0.95,
                0.28,   0.96,   0.24,   0.97,   0.21,   0.98,   0.18,   0.98,   0.16,   0.99,   0.14,   0.99,   0.12,   0.99,   0.10,   0.99,
                0.09,   1.00,   0.08,   1.00,   0.07,   1.00,   0.06,   1.00,   0.05,   1.00,   0.04,   1.00,   0.04,   1.00,   0.03,   1.00,
                0.03,   1.00,   0.02,   1.00,   0.02,   1.00,   0.02,   1.00,   0.02,   1.00,   0.01,   1.00,   0.01,   1.00,   0.01,   1.00]

Position  91: [  0.11,  -0.99,  -0.26,  -0.97,  -0.77,   0.64,   0.56,  -0.83,   0.79,   0.62,   0.33,   0.95,   0.63,   0.78,   0.97,  -0.24,
               -0.48,  -0.88,  -0.21,   0.98,   0.40,  -0.92,  -0.16,   0.99,  -0.46,  -0.89,   0.99,   0.12,  -0.42,   0.91,  -0.88,  -0.47,
                0.32,  -0.95,   1.00,  -0.03,   0.51,   0.86,  -0.37,   0.93,  -0.92,   0.39,  -0.96,  -0.28,  -0.64,  -0.77,  -0.18,  -0.98,
                0.26,  -0.97,   0.60,  -0.80,   0.83,  -0.55,   0.96,  -0.29,   1.00,  -0.05,   0.99,   0.17,   0.94,   0.35,   0.87,   0.50,
                0.79,   0.61,   0.71,   0.71,   0.63,   0.78,   0.56,   0.83,   0.49,   0.87,   0.43,   0.90,   0.37,   0.93,   0.33,   0.95,
                0.28,   0.96,   0.25,   0.97,   0.21,   0.98,   0.19,   0.98,   0.16,   0.99,   0.14,   0.99,   0.12,   0.99,   0.10,   0.99,
                0.09,   1.00,   0.08,   1.00,   0.07,   1.00,   0.06,   1.00,   0.05,   1.00,   0.04,   1.00,   0.04,   1.00,   0.03,   1.00,
                0.03,   1.00,   0.02,   1.00,   0.02,   1.00,   0.02,   1.00,   0.02,   1.00,   0.01,   1.00,   0.01,   1.00,   0.01,   1.00]

Position  92: [ -0.78,  -0.63,  -0.90,  -0.43,  -0.12,   0.99,  -0.05,  -1.00,   0.99,   0.10,   0.73,   0.68,   0.89,   0.46,   0.82,  -0.57,
               -0.73,  -0.68,   0.06,   1.00,   0.17,  -0.98,   0.04,   1.00,  -0.61,  -0.79,   1.00,  -0.03,  -0.29,   0.96,  -0.93,  -0.36,
                0.22,  -0.97,   0.99,  -0.11,   0.58,   0.82,  -0.30,   0.95,  -0.90,   0.44,  -0.97,  -0.23,  -0.67,  -0.74,  -0.22,  -0.98,
                0.23,  -0.97,   0.58,  -0.81,   0.82,  -0.57,   0.95,  -0.31,   1.00,  -0.07,   0.99,   0.15,   0.94,   0.34,   0.87,   0.49,
                0.80,   0.61,   0.72,   0.70,   0.64,   0.77,   0.56,   0.83,   0.49,   0.87,   0.43,   0.90,   0.38,   0.93,   0.33,   0.94,
                0.29,   0.96,   0.25,   0.97,   0.22,   0.98,   0.19,   0.98,   0.16,   0.99,   0.14,   0.99,   0.12,   0.99,   0.11,   0.99,
                0.09,   1.00,   0.08,   1.00,   0.07,   1.00,   0.06,   1.00,   0.05,   1.00,   0.04,   1.00,   0.04,   1.00,   0.03,   1.00,
                0.03,   1.00,   0.03,   1.00,   0.02,   1.00,   0.02,   1.00,   0.02,   1.00,   0.01,   1.00,   0.01,   1.00,   0.01,   1.00]

Position  93: [ -0.95,   0.32,  -0.91,   0.41,   0.59,   0.81,  -0.65,  -0.76,   0.90,  -0.45,   0.97,   0.26,   1.00,   0.05,   0.56,  -0.83,
               -0.91,  -0.42,   0.33,   0.94,  -0.06,  -1.00,   0.25,   0.97,  -0.74,  -0.67,   0.98,  -0.18,  -0.16,   0.99,  -0.97,  -0.25,
                0.12,  -0.99,   0.98,  -0.20,   0.64,   0.77,  -0.24,   0.97,  -0.87,   0.49,  -0.98,  -0.18,  -0.70,  -0.71,  -0.25,  -0.97,
                0.20,  -0.98,   0.56,  -0.83,   0.81,  -0.59,   0.94,  -0.33,   1.00,  -0.08,   0.99,   0.14,   0.95,   0.32,   0.88,   0.48,
                0.80,   0.60,   0.72,   0.69,   0.64,   0.77,   0.57,   0.82,   0.50,   0.87,   0.44,   0.90,   0.38,   0.92,   0.33,   0.94,
                0.29,   0.96,   0.25,   0.97,   0.22,   0.98,   0.19,   0.98,   0.16,   0.99,   0.14,   0.99,   0.12,   0.99,   0.11,   0.99,
                0.09,   1.00,   0.08,   1.00,   0.07,   1.00,   0.06,   1.00,   0.05,   1.00,   0.05,   1.00,   0.04,   1.00,   0.03,   1.00,
                0.03,   1.00,   0.03,   1.00,   0.02,   1.00,   0.02,   1.00,   0.02,   1.00,   0.01,   1.00,   0.01,   1.00,   0.01,   1.00]

Position  94: [ -0.25,   0.97,  -0.28,   0.96,   0.98,   0.19,  -0.98,  -0.22,   0.52,  -0.85,   0.98,  -0.22,   0.93,  -0.36,   0.23,  -0.97,
               -0.99,  -0.12,   0.57,   0.82,  -0.30,  -0.96,   0.44,   0.90,  -0.85,  -0.53,   0.94,  -0.33,  -0.03,   1.00,  -0.99,  -0.14,
                0.02,  -1.00,   0.96,  -0.28,   0.69,   0.72,  -0.18,   0.98,  -0.84,   0.54,  -0.99,  -0.13,  -0.73,  -0.68,  -0.29,  -0.96,
                0.17,  -0.99,   0.54,  -0.84,   0.79,  -0.61,   0.94,  -0.35,   0.99,  -0.10,   0.99,   0.12,   0.95,   0.31,   0.88,   0.47,
                0.81,   0.59,   0.73,   0.69,   0.65,   0.76,   0.57,   0.82,   0.50,   0.86,   0.44,   0.90,   0.39,   0.92,   0.34,   0.94,
                0.29,   0.96,   0.25,   0.97,   0.22,   0.98,   0.19,   0.98,   0.17,   0.99,   0.14,   0.99,   0.13,   0.99,   0.11,   0.99,
                0.09,   1.00,   0.08,   1.00,   0.07,   1.00,   0.06,   1.00,   0.05,   1.00,   0.05,   1.00,   0.04,   1.00,   0.03,   1.00,
                0.03,   1.00,   0.03,   1.00,   0.02,   1.00,   0.02,   1.00,   0.02,   1.00,   0.01,   1.00,   0.01,   1.00,   0.01,   1.00]

Position  95: [  0.68,   0.73,   0.55,   0.83,   0.85,  -0.53,  -0.91,   0.42,  -0.02,  -1.00,   0.76,  -0.65,   0.70,  -0.71,  -0.13,  -0.99,
               -0.98,   0.20,   0.77,   0.64,  -0.51,  -0.86,   0.61,   0.79,  -0.93,  -0.38,   0.88,  -0.47,   0.10,   0.99,  -1.00,  -0.03,
               -0.08,  -1.00,   0.93,  -0.36,   0.75,   0.67,  -0.11,   0.99,  -0.81,   0.59,  -1.00,  -0.09,  -0.76,  -0.65,  -0.32,  -0.95,
                0.14,  -0.99,   0.51,  -0.86,   0.78,  -0.63,   0.93,  -0.37,   0.99,  -0.12,   0.99,   0.11,   0.95,   0.30,   0.89,   0.46,
                0.81,   0.58,   0.73,   0.68,   0.65,   0.76,   0.58,   0.82,   0.51,   0.86,   0.45,   0.89,   0.39,   0.92,   0.34,   0.94,
                0.30,   0.96,   0.26,   0.97,   0.22,   0.97,   0.19,   0.98,   0.17,   0.99,   0.15,   0.99,   0.13,   0.99,   0.11,   0.99,
                0.09,   1.00,   0.08,   1.00,   0.07,   1.00,   0.06,   1.00,   0.05,   1.00,   0.05,   1.00,   0.04,   1.00,   0.03,   1.00,
                0.03,   1.00,   0.03,   1.00,   0.02,   1.00,   0.02,   1.00,   0.02,   1.00,   0.01,   1.00,   0.01,   1.00,   0.01,   1.00]

Position  96: [  0.98,  -0.18,   0.99,   0.12,   0.26,  -0.96,  -0.47,   0.88,  -0.55,  -0.84,   0.37,  -0.93,   0.35,  -0.94,  -0.48,  -0.88,
               -0.87,   0.49,   0.92,   0.40,  -0.70,  -0.72,   0.76,   0.65,  -0.98,  -0.21,   0.80,  -0.60,   0.23,   0.97,  -1.00,   0.09,
               -0.17,  -0.98,   0.90,  -0.44,   0.79,   0.61,  -0.05,   1.00,  -0.77,   0.63,  -1.00,  -0.04,  -0.79,  -0.62,  -0.36,  -0.93,
                0.11,  -0.99,   0.49,  -0.87,   0.76,  -0.65,   0.92,  -0.39,   0.99,  -0.14,   1.00,   0.09,   0.96,   0.29,   0.90,   0.45,
                0.82,   0.57,   0.74,   0.67,   0.66,   0.75,   0.58,   0.81,   0.51,   0.86,   0.45,   0.89,   0.39,   0.92,   0.34,   0.94,
                0.30,   0.95,   0.26,   0.97,   0.23,   0.97,   0.20,   0.98,   0.17,   0.99,   0.15,   0.99,   0.13,   0.99,   0.11,   0.99,
                0.10,   1.00,   0.08,   1.00,   0.07,   1.00,   0.06,   1.00,   0.05,   1.00,   0.05,   1.00,   0.04,   1.00,   0.04,   1.00,
                0.03,   1.00,   0.03,   1.00,   0.02,   1.00,   0.02,   1.00,   0.02,   1.00,   0.01,   1.00,   0.01,   1.00,   0.01,   1.00]

Position  97: [  0.38,  -0.93,   0.73,  -0.68,  -0.46,  -0.89,   0.16,   0.99,  -0.91,  -0.42,  -0.11,  -0.99,  -0.06,  -1.00,  -0.76,  -0.65,
               -0.68,   0.74,   0.99,   0.14,  -0.85,  -0.53,   0.88,   0.48,  -1.00,  -0.03,   0.70,  -0.72,   0.36,   0.93,  -0.98,   0.20,
               -0.27,  -0.96,   0.85,  -0.52,   0.84,   0.55,   0.02,   1.00,  -0.74,   0.68,  -1.00,   0.01,  -0.81,  -0.58,  -0.39,  -0.92,
                0.07,  -1.00,   0.47,  -0.88,   0.75,  -0.67,   0.91,  -0.41,   0.99,  -0.15,   1.00,   0.08,   0.96,   0.27,   0.90,   0.44,
                0.82,   0.57,   0.74,   0.67,   0.66,   0.75,   0.59,   0.81,   0.52,   0.85,   0.45,   0.89,   0.40,   0.92,   0.35,   0.94,
                0.30,   0.95,   0.26,   0.96,   0.23,   0.97,   0.20,   0.98,   0.17,   0.99,   0.15,   0.99,   0.13,   0.99,   0.11,   0.99,
                0.10,   1.00,   0.08,   1.00,   0.07,   1.00,   0.06,   1.00,   0.05,   1.00,   0.05,   1.00,   0.04,   1.00,   0.04,   1.00,
                0.03,   1.00,   0.03,   1.00,   0.02,   1.00,   0.02,   1.00,   0.02,   1.00,   0.01,   1.00,   0.01,   1.00,   0.01,   1.00]

Position  98: [ -0.57,  -0.82,  -0.04,  -1.00,  -0.94,  -0.33,   0.72,   0.69,  -0.99,   0.13,  -0.56,  -0.83,  -0.47,  -0.88,  -0.94,  -0.33,
               -0.41,   0.91,   0.99,  -0.13,  -0.95,  -0.32,   0.96,   0.29,  -0.99,   0.15,   0.58,  -0.82,   0.48,   0.88,  -0.95,   0.32,
               -0.37,  -0.93,   0.81,  -0.59,   0.88,   0.48,   0.08,   1.00,  -0.70,   0.72,  -1.00,   0.06,  -0.84,  -0.55,  -0.42,  -0.91,
                0.04,  -1.00,   0.44,  -0.90,   0.73,  -0.68,   0.90,  -0.43,   0.99,  -0.17,   1.00,   0.06,   0.97,   0.26,   0.91,   0.43,
                0.83,   0.56,   0.75,   0.66,   0.67,   0.74,   0.59,   0.80,   0.52,   0.85,   0.46,   0.89,   0.40,   0.92,   0.35,   0.94,
                0.30,   0.95,   0.27,   0.96,   0.23,   0.97,   0.20,   0.98,   0.17,   0.98,   0.15,   0.99,   0.13,   0.99,   0.11,   0.99,
                0.10,   1.00,   0.08,   1.00,   0.07,   1.00,   0.06,   1.00,   0.06,   1.00,   0.05,   1.00,   0.04,   1.00,   0.04,   1.00,
                0.03,   1.00,   0.03,   1.00,   0.02,   1.00,   0.02,   1.00,   0.02,   1.00,   0.02,   1.00,   0.01,   1.00,   0.01,   1.00]

Position  99: [ -1.00,   0.04,  -0.79,  -0.62,  -0.92,   0.40,   0.99,   0.11,  -0.77,   0.64,  -0.88,  -0.47,  -0.79,  -0.62,  -1.00,   0.02,
               -0.11,   0.99,   0.92,  -0.40,  -1.00,  -0.09,   1.00,   0.09,  -0.95,   0.32,   0.45,  -0.89,   0.59,   0.80,  -0.91,   0.42,
               -0.46,  -0.89,   0.75,  -0.66,   0.91,   0.42,   0.15,   0.99,  -0.66,   0.75,  -0.99,   0.11,  -0.86,  -0.51,  -0.46,  -0.89,
                0.01,  -1.00,   0.42,  -0.91,   0.71,  -0.70,   0.90,  -0.45,   0.98,  -0.19,   1.00,   0.05,   0.97,   0.25,   0.91,   0.41,
                0.84,   0.55,   0.76,   0.65,   0.68,   0.74,   0.60,   0.80,   0.53,   0.85,   0.46,   0.89,   0.41,   0.91,   0.35,   0.94,
                0.31,   0.95,   0.27,   0.96,   0.23,   0.97,   0.20,   0.98,   0.18,   0.98,   0.15,   0.99,   0.13,   0.99,   0.11,   0.99,
                0.10,   1.00,   0.09,   1.00,   0.07,   1.00,   0.06,   1.00,   0.06,   1.00,   0.05,   1.00,   0.04,   1.00,   0.04,   1.00,
                0.03,   1.00,   0.03,   1.00,   0.02,   1.00,   0.02,   1.00,   0.02,   1.00,   0.02,   1.00,   0.01,   1.00,   0.01,   1.00]


================================================================================
SUMMARY
================================================================================
Total positions documented: 30
First 10: Positions 0-9
Middle 10: Positions 45-54
Last 10: Positions 90-99
Each position has 128 dimensions
Values range: [-1.00, 1.00]
================================================================================
